%YAML:1.0


# cam0:
#   T_cam_imu:
#     - [0.9999654398038452, 0.007342326779113337, -0.003899927610975742, -0.027534314618518095]
#     - [-0.0073452195116216765, 0.9999727585590525, -0.0007279355223411334, -0.0030587146933711722]
#     - [0.0038944766308488753, 0.0007565561891287445, 0.9999921303062861, -0.023605118842939803]
#     - [0.0, 0.0, 0.0, 1.0]
#   cam_overlaps: []
#   camera_model: pinhole
#   distortion_coeffs: [-0.045761895748285604, 0.03423951132164367, -0.00040139057556727315, 0.000431371425853453]
#   distortion_model: radtan
#   intrinsics: [416.85223429743274, 414.92069080087543, 421.02459311003213, 237.76180565241077]
#   resolution: [848, 480]
#   rostopic: /d455/color/image_raw
#   timeshift_cam_imu: 0.002524377913673846

cam0:
  T_cam_imu:
    - [0.999827145816347, 0.015381820170515904, 0.010444046006189598, -0.0005888279754402712]
    - [-0.01531928802048389, 0.99986440255384, -0.006041185330582781, -0.0027069867813614597]
    - [-0.010535554246595363, 0.0058801457375561635, 0.9999272103422442, -0.05503314087678284]
    - [0.0, 0.0, 0.0, 1.0]
  cam_overlaps: [1]
  camera_model: pinhole
  distortion_coeffs: [-0.02085402407734806, 0.004985494274378886, -0.0009529557644445592, -0.001053164664125224]
  distortion_model: radtan
  intrinsics: [424.19233140281733, 422.63531262144016, 423.5498634530297, 235.2958662205905]
  resolution: [848, 480]
  rostopic: /d435i/camera/infra1/image_rect_raw
  timeshift_cam_imu: 0.004864044215609191
cam1:
  T_cam_imu:
    - [0.9998640371800023, 0.01529483555306084, -0.006162398843983671, -0.0497650052621338]
    - [-0.015329970978733346, 0.9998662690140311, -0.005695268014137351, -0.0028392087240434473]
    - [0.006074466552603491, 0.005788963064875155, 0.9999647937616281, -0.055666883176541254]
    - [0.0, 0.0, 0.0, 1.0]
  T_cn_cnm1:
    - [0.9998621085310654, 1.2784639033614192e-05, -0.01660613622592657, -0.0500901117075396]
    - [-7.039625733119843e-06, 0.9999999401117949, 0.0003460156631864406, -0.0001131839211894077]
    - [0.01660613965510032, -0.0003458510495944676, 0.9998620487411229, -0.0006324922454485998]
    - [0.0, 0.0, 0.0, 1.0]
  cam_overlaps: [0]
  camera_model: pinhole
  distortion_coeffs: [-0.023669883933803967, 0.009443378351806262, -0.00015471798674759904, 0.001564101788689536]
  distortion_model: radtan
  intrinsics: [423.8376051733492, 422.38395746067783, 430.3586935729939, 235.45782064993256]
  resolution: [848, 480]
  rostopic: /d435i/camera/infra2/image_rect_raw
  timeshift_cam_imu: 0.004865352502651077


